88,14
10,176
10,208
10,74
10,281
10,282
10,28
10,170
10,107
11,8
11,21
11,28
11,18
11,17
11,12
11,19
11,25
11,2
11,3
9,6
9,4
8,5
8,16
8,2
8,3
20,2
20,1
20,3
19,2
19,1
19,3
18,1
18,3
14,5
14,3
13,1
13,3
2,2
2,1
2,3
123,4
123,3
123,1
122,4
122,3
122,1
121,4
121,3
121,1
120,4
120,3
120,1
119,4
119,3
119,1
117,15
117,14
117,13
117,12
117,11
117,10
117,9
117,8
117,7
117,6
117,5
117,4
117,3
117,2
117,1
117,0
116,6
116,5
116,1
115,19
115,18
115,17
115,16
115,15
115,14
115,13
115,12
115,11
115,10
115,9
115,8
115,7
115,6
115,5
115,4
115,3
115,2
115,1
115,0
114,5
114,4
114,3
114,2
114,1
112,5
112,4
112,1
99,4
99,3
99,1
98,4
98,3
98,1
96,4
96,3
96,1
88,19
88,18
88,17
88,16
88,13
88,12
88,11
88,10
88,9
88,8
88,7
88,6
88,5
